0001100111100011000111100110110101000000010010000
1001110001111110100001100001001100111010101100100
1001111011111001101000000101101100110001000101101
0110110010111111111011000100110011111110010010011
1111010011000000101100101000111110110100101110010
1100011100000101010000010110111110110101111111110
0011010010000011000111010101000001000110110101011
1110011100101011000011010011101010011010010101000
0010100110010010010111110110000001111101010010000
0000101011000101101100110001110000000001110110000
0101101011001111011011010000000010011001010101111
1110010011111110001110100111110100001001001100001
1010000000110101100011001100101101000101100101111
0010110001000110010111101011101111000011011111010
0000000001011100000001111001101101000111110010000
0101000111001101111110110111011100001110111010100
0010101111100111001000011111101110111100110001010
0101110111110100101000000111100010101110011001010
1101110001010001000010011101001010001111001001110
0010010010011011101110010001100001000001100111011
0000011010111101000001011100011110101101101100001
1100000011110100000010100010111011111000111011000
1001001010001101000010110100000011110000011001110
1111100110111000110111110100110011000110010101101
0011001000100011000100101000001100010110000110110
1110110000110010000010111100100001010010110011000
0100110101011000010000111011101101011100101010011
1100010111110011101101111101101111100101011111011
1000101111011111100000100111001010100010110111010
0001000011001110110100000000100011110100100011001
1001010100000011000100011000000010101001001101111
0100110001111000001111100111110011101001010110100
1111001101110001000011110010000001100100000001011
0010000011001110000111101110001111101111111101111
0101011000101100001000001111000010100001011000011
0001100000101100001100110011011000101111100010100
0000010101000100001100001010001111011111001000011
0100001010001110010011001010000011111010110011111
1011100110110001100011100000001011011000001001110
1001101110110010101000010000010000010011111101011
1100100010111010101001100100001011000001000110010
0100101110011001100100110110111011001111010011001
1110011110101110110010010011001101111000101010010
1011001000101110011110100011001011101011010100110
0010111000101010001111100001010000011101000000010
0011001100011101010000010010101100110110000100101
0101100100111100101001001110010100001110101110000
0001111010010001100000100100010111011011010001010
0110100110000100000010110100110000101111010011001
1110111001101011000110001010011001100001011110011
0000101010101000100010010110011011111101011011010
0001000010000111001111000011101011001000100010100
1000101011000111110101111111100010011001010010100
0111011010000000001010000111111010110001101100001
1010001111000011000101101011011000010001100110100
1100000010100110001001010000010010001110010101111
0100000111110011010000000101111111111110100001100
1000011101010000110001001000101001100000101010000
0101111100010110110011000000101101010111010111010
1100001011001000001101001000100101110011111010100
0101100001001000100100010100110001001000101001001
1101001111011010011100110010111001001001001111010
1010001010111001010111001110111010010101101100011
1000101011001011100100001011000101000010101010010
1011010110100001111110001111010011100001011100010
1110110110110000111110101100111010010000100111011
1110011000100011010100101001010111000011110001101
1000011101010110100001110101010001000001001010000
0001111110100011010101101000100101111001101011001
1010010011101001101010000101000110101101011100000
1000101111000000010011101110110011000111001111000
1010100010011011001001000100111111011100101010011
0111010010011001111011110010010101010000110010100
0001100010110110110110011101110010000011011000010
0010000100000010101011111100101001010010010110100
1110101100011010001010100011111100111011111100001
0011001010110110110110001011000010011011100010011
0110111011011010001101000100101000010101100100010
1011101100111010100111111110011001010111001101011
1011001110101001110111110010100111100110010110000
1101100000111011001111111010110110010010100001100
1010000011000000000101101110101010000101000000000
1010010110110111101010111111101110111100001110100
0110100001000000101000010001111010000010111101100
1111011000001100000111100011010110011101101101011
0100101100111010100111010000001101110001001111111
0010001011001001010111101101111001111011110110000
1010010110001000100000001010100000000000001100010
1001101101110101110011010110001011010010110100011
0011000011100101101001110011100011111011110100111
0110000010100000001111000011101000111011110101101
0100010001110110101100011100100100110010101000101
0111010111010101010010111011111001111011110001010
0010100000101011111010100100011100011111000110001
0010101111010110000001000110101110001011100110001
1100100110000110101010100001101000000111011100111
1100000010100101101100000000011101111000001111111
1000010000111100111101111001100100000101110101110
0010000010100010111110111011000100110011100010000
1000100110001101001000100100001001001010000011111
